sentence	spans	defs
我的任务是让法兰克好起来，如果真有病毒作乱	2:任务 6:法兰/法兰克 7:兰克 9:好起来 10:起来 13:如果 14:果真 16:有病 17:病毒 19:作乱	兰克 [Lan2 ke4] Rank (name); 好起来 [hao3 qi3 lai5] to get better; to improve; 如果 [ru2 guo3] if; in case; in the event that; 有病 [you3 bing4] to be ill / (coll.) to be not right in the head; 果真 [guo3 zhen1] really; sure enough / if indeed; 法兰 [fa3 lan2] flange (loanword); 法兰克 [Fa3 lan2 ke4] the Franks (Germanic people who arrived in Europe from 60...; 病毒 [bing4 du2] virus; 起来 [qi3 lai5] to stand up; to get up / also pr. [qi3lai2] | [qi5 lai5] (after a verb) indicating the beginning and continuation ... / indicating an upward movement (e.g. after 站[zhan4]) / indicating completion / (after a perception verb, e.g. 看[kan4]) expressing prelim... / also pr. [qi3lai5]
示威者放火焚烧杂物，警方在铜锣湾发射催泪弹。	0:示威/示威者 3:放火 5:焚烧 7:杂物 10:警方 13:铜锣/铜锣湾 16:发射 18:催泪/催泪弹	催泪 [cui1 lei4] to move to tears (of a story) / tear-provoking agent; lacrimogen; 催泪弹 [cui1 lei4 dan4] tear-gas grenade; 示威 [shi4 wei1] to demonstrate; demonstration (protest) / a military show of force; 示威者 [shi4 wei1 zhe3] demonstrator; protester; 铜锣 [Tong2 luo2] Tongluo or Tunglo township in Miaoli county 苗栗縣|苗栗县[Miao2... | [tong2 luo2] gong; 铜锣湾 [Tong2 luo2 Wan1] Causeway Bay
此书希腊文本业已转译成阿拉伯文、拉丁文与许多现代语文。	2:希腊/希腊文 4:文本 5:本业 6:业已 8:转译 9:译成 11:阿拉/阿拉伯/阿拉伯文 16:拉丁/拉丁文 20:许多 22:现代 24:语文	业已 [ye4 yi3] already; 希腊 [Xi1 la4] Greece; 希腊文 [Xi1 la4 wen2] Greek literature; 拉丁 [la1 ding1] Latin / to press-gang; to force into service; 拉丁文 [La1 ding1 wen2] Latin (language); 文本 [wen2 ben3] a text; version of a text / (computing) text; 本业 [ben3 ye4] core business; original business / (literary) agriculture; 译成 [yi4 cheng2] to translate into (Chinese, English etc); 转译 [zhuan3 yi4] to translate; to convert; 阿拉 [A1 la1] Allah (Arabic name of God) | [a1 la1] (Wu dialect) I; me; my; we; us; our; 阿拉伯 [A1 la1 bo2] Arab; Arabian; Arabic; 阿拉伯文 [A1 la1 bo2 wen2] Arabic (language & writing)
国际特赦组织、人权观察长期批评总统卢卡申科专制式统治。	0:国际/国际特赦/国际特赦组织 2:特赦 4:组织 7:人权/人权观察 9:观察 11:长期 13:批评 15:总统 17:卢卡/卢卡申科 21:专制 22:制式 24:统治	专制 [zhuan1 zhi4] autocracy; dictatorship; 人权 [ren2 quan2] human rights; 人权观察 [Ren2 quan2 Guan1 cha2] Human Rights Watch (HRW), New York-based non-governmental...; 制式 [zhi4 shi4] standardized; regulation; formulaic / system; format; 卢卡 [Lu2 ka3] Lucca (city in Tuscany); 卢卡申科 [Lu2 ka3 shen1 ke1] Aleksandr Grigoryevich Lukachenko, president of Belarus f...; 国际 [guo2 ji4] international; 国际特赦 [Guo2 ji4 Te4 she4] Amnesty International; 国际特赦组织 [Guo2 ji4 Te4 she4 Zu3 zhi1] Amnesty International; 特赦 [te4 she4] to grant a special pardon; 组织 [zu3 zhi1] to organize; organization / (biology) tissue / (textiles) weave / CL:個|个[ge4]; 观察 [guan1 cha2] to observe; to watch; to survey
屋内装有热水汀（暖气片），壁炉烟囱，铺设进口地砖。	1:内装 2:装有 4:热水 5:水汀 8:暖气/暖气片 13:壁炉 15:烟囱 18:铺设 20:进口 22:地砖	内装 [nei4 zhuang1] filled with; installed inside / internal decoration; 暖气 [nuan3 qi4] central heating; heater; warm air; 暖气片 [nuan3 qi4 pian4] radiator (for heating); 水汀 [shui3 ting1] steam (Shanghainese); 热水 [re4 shui3] hot water; 装有 [zhuang1 you3] fitted with
世界银行的报告指出，撒哈拉以南非洲国家的经济增长速度已接近全球经济增长的比率。	0:世界/世界银行 2:银行 5:报告 7:指出 10:撒哈拉/撒哈拉以南/撒哈拉以南非洲 11:哈拉 13:以南 14:南非 15:非洲 17:国家 18:家的 20:经济/经济增长 22:增长 24:速度 27:接近 29:全球 31:经济/经济增长 33:增长 36:比率	世界 [shi4 jie4] world / CL:個|个[ge4]; 世界银行 [Shi4 jie4 Yin2 hang2] World Bank; 以南 [yi3 nan2] to the south of (suffix); 南非 [Nan2 fei1] South Africa; Southern Africa; 哈拉 [ha1 la1] to chat idly (Tw); 国家 [guo2 jia1] country; nation; state / CL:個|个[ge4]; 增长 [zeng1 zhang3] to grow; to increase; 家的 [jia1 de5] (old) wife; 撒哈拉 [Sa1 ha1 la1] Sahara; 撒哈拉以南 [Sa1 ha1 la1 yi3 nan2] sub-Saharan; 撒哈拉以南非洲 [Sa1 ha1 la1 yi3 nan2 Fei1 zhou1] sub-Saharan Africa; 经济 [jing1 ji4] economy; economic; 经济增长 [jing1 ji4 zeng1 zhang3] economic growth; 银行 [yin2 hang2] bank / CL:家[jia1],個|个[ge4]; 非洲 [Fei1 zhou1] Africa / abbr. for 阿非利加洲[A1 fei1 li4 jia1 Zhou1]
英国伦敦、加拿大卡尔加里的两位心理学家也报告了楚门综合症患者的病情。	0:英国 2:伦敦 5:加拿大 6:拿大 7:大卡 8:卡尔/卡尔加里 10:加里 15:心理/心理学/心理学家 16:理学/理学家 20:报告 25:综合/综合症 28:患者 31:病情	加拿大 [Jia1 na2 da4] Canada; 加里 [Jia1 li3] Gary (name) | [jia1 li3] potassium (loanword); 卡尔 [Ka3 er3] Karl (name); 卡尔加里 [Ka3 er3 jia1 li3] Calgary, largest city of Alberta, Canada; 大卡 [da4 ka3] kilocalorie; 心理 [xin1 li3] psychology / mentality; 心理学 [xin1 li3 xue2] psychology; 心理学家 [xin1 li3 xue2 jia1] psychologist; 拿大 [na2 da4] to put on airs; self-important; 理学 [Li3 xue2] Neo-Confucian School of Principle | [li3 xue2] science; 理学家 [li3 xue2 jia1] scholar of the rationalist school of Neo-Confucianism 理學|...; 综合 [zong1 he2] comprehensive; composite; to integrate / to sum up; 综合症 [zong1 he2 zheng4] syndrome
做血凝固检查凝血酶原还有凝血时间上下消化道都要做内镜检查	1:血凝 2:凝固 4:检查 6:凝血/凝血酶/凝血酶原 8:酶原 10:还有 12:凝血 14:时间 16:上下 18:消化/消化道 26:检查	凝固 [ning2 gu4] to solidify; to congeal / fig. with rapt attention; 凝血 [ning2 xue4] blood clot; 凝血酶 [ning2 xue4 mei2] thrombin (biochemistry); 凝血酶原 [ning2 xue4 mei2 yuan2] prothrombin; 消化 [xiao1 hua4] to digest (food) / (fig.) to absorb (information etc); to assimilate; to pro...; 消化道 [xiao1 hua4 dao4] digestive tract; 血凝 [xue4 ning2] to coagulate; 酶原 [mei2 yuan2] zymogen; fermentogen
滑铁卢大学是全世界第一所设立以纳米科技工程为主科的大学。	0:滑铁卢 3:大学 6:全世界/全世界第一 7:世界/世界第一 9:第一 12:设立 15:纳米 17:科技 18:技工 19:工程 21:为主 22:主科 25:大学	世界 [shi4 jie4] world / CL:個|个[ge4]; 世界第一 [shi4 jie4 di4 yi1] ranked number one in the world; 为主 [wei2 zhu3] to rely mainly on; to prioritize; 主科 [zhu3 ke1] required courses in the major subject; 全世界 [quan2 shi4 jie4] worldwide; the entire world; 全世界第一 [quan2 shi4 jie4 di4 yi1] world's first; 工程 [gong1 cheng2] engineering / engineering project; undertaking / CL:個|个[ge4],項|项[xiang4]; 技工 [ji4 gong1] skilled worker; 科技 [ke1 ji4] science and technology; 第一 [di4 yi1] first; foremost
阿卡德口语是闪米特语的一个分支，与今天的阿拉伯语、埃塞俄比亚语和希伯来语是远亲。	0:阿卡 3:口语 6:闪米特 11:一个 13:分支 17:今天 20:阿拉/阿拉伯/阿拉伯语 25:埃塞俄比亚 28:比亚 32:希伯来/希伯来语 37:远亲	埃塞俄比亚 [Ai1 sai4 e2 bi3 ya4] Ethiopia; 希伯来 [Xi1 bo2 lai2] Hebrew; 希伯来语 [Xi1 bo2 lai2 yu3] Hebrew (language); 比亚 [Bi3 ya4] Bia, daughter of Pallas and Styx in Greek mythology, pers...; 阿拉 [A1 la1] Allah (Arabic name of God) | [a1 la1] (Wu dialect) I; me; my; we; us; our; 阿拉伯 [A1 la1 bo2] Arab; Arabian; Arabic; 阿拉伯语 [A1 la1 bo2 yu3] Arabic (language)
