sentence	spans	defs
这样它当然没有办法开花结果对不对？	0:这样 3:当然 5:没有 6:有办法 7:办法 9:开花/开花结果 10:花结 11:结果 13:对不对 14:不对	不对 [bu4 dui4] incorrect; wrong; amiss; 办法 [ban4 fa3] way of handling sth; means; measure; (practical) solution... / CL:條|条[tiao2],個|个[ge4]; 对不对 [dui4 bu4 dui4] right or wrong?; is it correct?; 开花 [kai1 hua1] to bloom; to blossom; to flower / (fig.) to burst; to split open / (fig.) to burst with joy / (fig.) to spring up everywhere; to flourish; 开花结果 [kai1 hua1 jie1 guo3] to come to fruition; 有办法 [you3 ban4 fa3] resourceful; able to find a way; 没有 [mei2 you3] to not have; doesn't exist; haven't; 结果 [jie1 guo3] to bear fruit | [jie2 guo3] outcome; result; as a result / to kill; to dispatch; 花结 [hua1 jie2] decorative bow of ribbon or fabric
白人定居者于1837年左右首次来到该地区，并将其定居地命名为“奥塞奇”。	0:白人 1:人定 2:定居/定居者 11:左右 12:右首 13:首次 15:来到 18:地区 24:定居 27:命名 28:名为	人定 [ren2 ding4] the dead of night; midnight; 右首 [you4 shou3] right-hand side; 名为 [ming2 wei2] to be called; to be known as; 命名 [ming4 ming2] to name; to designate; 定居 [ding4 ju1] to settle (in some city, country etc); to take up residence; 定居者 [ding4 ju1 zhe3] settler; 左右 [zuo3 you4] left and right; nearby / approximately / attendant / to control; to influence; 白人 [bai2 ren2] white man or woman; Caucasian; 首次 [shou3 ci4] first; first time; for the first time
它还提到了公民资格、公民权利和公民保护。	2:提到 3:到了 5:公民 6:民资 7:资格 10:公民/公民权/公民权利 11:民权 12:权利 15:公民 17:保护	公民 [gong1 min2] citizen; 公民权 [gong1 min2 quan2] civil rights; citizenship rights; 公民权利 [gong1 min2 quan2 li4] civil rights; 到了 [dao4 liao3] at last; finally; in the end; 提到 [ti2 dao4] to mention; to refer to; 权利 [quan2 li4] right (i.e. an entitlement to sth) / (classical) power and wealth; 民权 [Min2 quan2] see 民權縣|民权县[Min2 quan2 Xian4] | [min2 quan2] civil liberties; 民资 [min2 zi1] private capital; 资格 [zi1 ge2] qualifications / seniority
陈恭禄，江苏丹徒(今为镇江市丹徒区)高资镇人。	4:江苏 5:苏丹 6:丹徒 11:镇江/镇江市 14:丹徒/丹徒区	丹徒 [Dan1 tu2] see 丹徒區|丹徒区[Dan1 tu2 Qu1]; 丹徒区 [Dan1 tu2 Qu1] Dantu, a district of Zhenjiang City 鎮江市|镇江市[Zhen4 jiang1 ...; 江苏 [Jiang1 su1] see 江蘇省|江苏省[Jiang1 su1 Sheng3]; 苏丹 [Su1 dan1] Sudan | [su1 dan1] (loanword) sultan; 镇江 [Zhen4 jiang1] see 鎮江市|镇江市[Zhen4 jiang1 Shi4]; 镇江市 [Zhen4 jiang1 Shi4] Zhenjiang, prefecture-level city in Jiangsu Province 江蘇省|...
陈海泉，新加坡外交官，曾任新加坡驻韩国大使，现任驻中华人民共和国大使。	4:新加坡 7:外交/外交官 13:新加坡 17:韩国 18:国大 19:大使 22:现任 25:中华/中华人民共和国 26:华人 27:人民 29:共和/共和国 31:国大 32:大使	中华 [Zhong1 hua2] China; Chinese civilization; 中华人民共和国 [Zhong1 hua2 Ren2 min2 Gong4 he2 guo2] People's Republic of China; 人民 [ren2 min2] the people / CL:個|个[ge4]; 共和 [gong4 he2] republic; republicanism; 共和国 [gong4 he2 guo2] republic; 华人 [Hua2 ren2] ethnic Chinese person or people; 国大 [Guo2 Da4] abbr. for 國民大會|国民大会, National Assembly of the Republic of China (extant during various periods between 1913 and 2005) / abbr. for 新加坡國立大學|新加坡国立大学, National University of Singapore (NUS) / abbr. for 印度國民大會黨|印度国民大会党, Indian National Congress (INC) / abbr. for 馬來西亞印度國民大會黨|马来西亚印度国民大会党, Malaysian Indian Congress (MIC); 外交 [wai4 jiao1] diplomacy; diplomatic; foreign affairs / CL:個|个[ge4]; 外交官 [wai4 jiao1 guan1] diplomat; 大使 [da4 shi3] ambassador; envoy / CL:名[ming2],位[wei4]; 韩国 [Han2 guo2] South Korea (Republic of Korea) / (historical) Han, one of the Seven Warring States 戰國七雄|战国...
黄金海岸是英国在西部非洲几内亚湾的殖民地，1957年独立为加纳。	0:黄金/黄金海岸 2:海岸 5:英国 8:西部 10:非洲 12:几内亚/几内亚湾 17:殖民/殖民地 26:独立 29:加纳	几内亚 [Ji3 nei4 ya4] Guinea / Taiwan pr. [Ji1nei4ya4]; 几内亚湾 [Ji3 nei4 ya4 Wan1] Gulf of Guinea; 殖民 [zhi2 min2] colony; colonial; 殖民地 [zhi2 min2 di4] colony; 海岸 [hai3 an4] coastal; seacoast; 黄金 [huang2 jin1] gold / golden; prime; 黄金海岸 [Huang2 jin1 Hai3 an4] name of various places including Gold Coast (Australian c...
同时，澳门地球物理暨气象局将其升格为强烈热带风暴。	0:同时 3:澳门 4:门地 5:地球/地球物理 7:物理 10:气象/气象局 15:升格 18:强烈 20:热带/热带风暴 22:风暴	地球 [di4 qiu2] the earth; 地球物理 [di4 qiu2 wu4 li3] geophysics; 气象 [qi4 xiang4] weather; meteorology / atmosphere; ambience; scene; 气象局 [qi4 xiang4 ju2] weather bureau; meteorological office; 澳门 [Ao4 men2] Macao or Macau, special administrative region (SAR) of th...; 热带 [re4 dai4] the tropics; tropical; 热带风暴 [re4 dai4 feng1 bao4] tropical storm; 物理 [wu4 li3] physics; 门地 [men2 di4] variant of 門第|门第[men2 di4]; 风暴 [feng1 bao4] storm / violent commotion; crisis
‪墨西哥城的莫纳卡酒店很荣幸‪得到了这件画龙点睛的作品	1:墨西哥/墨西哥城 9:酒店 12:荣幸 15:得到 16:到了 20:画龙点睛 22:点睛 25:作品	到了 [dao4 liao3] at last; finally; in the end; 墨西哥 [Mo4 xi1 ge1] Mexico; 墨西哥城 [Mo4 xi1 ge1 cheng2] Mexico City, capital of Mexico; 得到 [de2 dao4] to get; to obtain; to receive; 点睛 [dian3 jing1] to add the finishing touch (abbr. for 畫龍點睛|画龙点睛[hua4 long...; 画龙点睛 [hua4 long2 dian3 jing1] to add the vital finishing touch
大部分地方入声不分阴阳（分宜、萍乡市无入声，丰城、万载入声分阴阳）。	0:大部/大部分 1:部分 2:分地 3:地方 5:入声 7:不分 9:阴阳 12:分宜 15:萍乡/萍乡市 19:入声 22:丰城 25:万载 26:载入 27:入声 30:阴阳	万载 [Wan4 zai4] see 萬載縣|万载县[Wan4 zai4 Xian4]; 入声 [ru4 sheng1] entering tone; checked tone; 分地 [fen1 di4] to distribute land; 地方 [di4 fang1] regional; local | [di4 fang5] place; area; space / CL:處|处[chu4],個|个[ge4],塊|块[kuai4]; 大部 [da4 bu4] the greater part; the majority; most; 大部分 [da4 bu4 fen5] the greater part; the majority; most / Taiwan pr. [da4bu4fen4]; 萍乡 [Ping2 xiang1] see 萍鄉市|萍乡市[Ping2 xiang1 Shi4]; 萍乡市 [Ping2 xiang1 Shi4] Pingxiang, prefecture-level city in Jiangxi Province 江西省[...; 载入 [zai3 ru4] to load into / to record; to enter into; 部分 [bu4 fen5] part; portion; piece / Taiwan pr. [bu4fen4]
金鸡山炮台是浙江省象山县的一处炮台，位于石浦镇。	0:金鸡 2:山炮 3:炮台 6:浙江/浙江省 9:象山/象山县 15:炮台 18:位于	山炮 [shan1 pao4] mountain gun (portable artillery piece used in mountainou... / (dialect) bumpkin; simpleton; idiot; 浙江 [Zhe4 jiang1] see 浙江省[Zhe4 jiang1 Sheng3]; 浙江省 [Zhe4 jiang1 Sheng3] Zhejiang Province, capital Hangzhou 杭州市[Hang2 zhou1 Shi4]...; 炮台 [pao4 tai2] fort / battery; 象山 [Xiang4 shan1] see 象山區|象山区[Xiang4 shan1 Qu1] / see 象山縣|象山县[Xiang4 shan1 Xian4]; 象山县 [Xiang4 shan1 xian4] Xiangshan county in Ningbo 寧波|宁波[Ning2 bo1], Zhejiang
