sentence	spans	defs
沿江满族乡，黑龙江省黑河市孙吴县下辖的乡。	0:沿江 2:满族 6:黑龙江/黑龙江省 7:龙江 10:黑河/黑河市 13:孙吴/孙吴县 14:吴县 16:下辖	吴县 [Wu2 xian4] Wu county in Jiangsu; 孙吴 [Sun1 wu2] see 孫吳縣|孙吴县[Sun1 wu2 Xian4]; 孙吴县 [Sun1 wu2 Xian4] Sunwu, a county in Heihe City 黑河市[Hei1 he2 Shi4], Heilong...; 黑河 [Hei1 he2] see 黑河市[Hei1 he2 Shi4]; 黑河市 [Hei1 he2 Shi4] Heihe, prefecture-level city in Heilongjiang Province 黑龍江...; 黑龙江 [Hei1 long2 jiang1] Heilong River or Amur River, forming the border between n... / see 黑龍江省|黑龙江省[Hei1 long2 jiang1 Sheng3]; 黑龙江省 [Hei1 long2 jiang1 Sheng3] Heilongjiang Province, capital Harbin 哈爾濱市|哈尔滨市[Ha1 er3 b...; 龙江 [Long2 jiang1] see 龍江縣|龙江县[Long2 jiang1 Xian4]
珠海市政府将公共汽车公司定为事业单位，实行企业化管理，并调整为副处级建制。	0:珠海/珠海市 1:海市 2:市政/市政府 3:政府 6:公共/公共汽车 8:汽车 10:公司 14:事业/事业单位 16:单位 19:实行 21:企业 24:管理 28:调整 32:处级 34:建制	事业 [shi4 ye4] undertaking; cause / publicly funded institution, enterprise or foundation / career; occupation / CL:個|个[ge4]; 事业单位 [shi4 ye4 dan1 wei4] public institution / (Tw) business enterprise; company; firm; 公共 [gong1 gong4] public; common; communal; 公共汽车 [gong1 gong4 qi4 che1] bus / CL:輛|辆[liang4],班[ban1]; 单位 [dan1 wei4] unit (of measure) / unit (group of people); work unit / CL:個|个[ge4]; 市政 [shi4 zheng4] municipal administration; 市政府 [shi4 zheng4 fu3] city hall; city government; 政府 [zheng4 fu3] government / CL:個|个[ge4]; 汽车 [qi4 che1] car; automobile / bus / CL:輛|辆[liang4]; 海市 [hai3 shi4] (lit. and fig.) mirage; 珠海 [Zhu1 hai3] see 珠海市[Zhu1 hai3 Shi4]; 珠海市 [Zhu1 hai3 Shi4] Zhuhai, prefecture-level city in Guangdong Province 廣東省|广...
同样的，除非使用者也从天文台钟知道标准时间，否则不可能确定经度。	0:同样 4:除非 6:使用/使用者 11:天文/天文台 13:台钟 15:知道 17:标准/标准时 18:准时 19:时间 22:否则 24:不可/不可能 25:可能 27:确定 29:经度	不可 [bu4 ke3] cannot; should not; must not; 不可能 [bu4 ke3 neng2] impossible; cannot; 使用 [shi3 yong4] to use; to employ; to apply; 使用者 [shi3 yong4 zhe3] (Tw) user; 准时 [zhun3 shi2] on time; punctual; 可能 [ke3 neng2] possible; maybe; possibility / CL:個|个[ge4]; 台钟 [tai2 zhong1] desk clock; 天文 [tian1 wen2] astronomy; 天文台 [tian1 wen2 tai2] astronomical observatory; 时间 [shi2 jian1] time; 标准 [biao1 zhun3] standard; norm; conforming to a standard; 标准时 [biao1 zhun3 shi2] standard time
沉积物的堆积或造山运动均能加载地壳的负荷重量，因而导致地壳凹陷和沈降。	0:沉积/沉积物 1:积物 4:堆积 7:造山/造山运动 9:运动 13:加载 15:地壳 18:负荷 19:荷重 20:重量 23:因而 25:导致 27:地壳 29:凹陷	沉积 [chen2 ji1] sediment; sedimentation; 沉积物 [chen2 ji1 wu4] sediment; 积物 [ji1 wu4] sediment; deposit; 荷重 [he4 zhong4] load; load capacity; 负荷 [fu4 he4] load; burden; 运动 [yun4 dong4] to move; motion / to exercise; sports / movement; campaign / CL:場|场[chang3]; 造山 [zao4 shan1] mountain building; orogenesis; 造山运动 [zao4 shan1 yun4 dong4] mountain building; orogenesis; 重量 [zhong4 liang4] weight / CL:個|个[ge4]
作为二次世界大战的退伍军人，他被埋葬了在阿灵顿国家公墓。	0:作为 2:二次/二次世界大战 4:世界/世界大战 6:大战 9:退伍/退伍军人 11:军人 16:埋葬 20:阿灵顿国家公墓 23:国家 24:家公 25:公墓	世界 [shi4 jie4] world / CL:個|个[ge4]; 世界大战 [shi4 jie4 da4 zhan4] world war; 二次 [er4 ci4] second; twice / (math.) quadratic (of degree two); 二次世界大战 [Er4 ci4 Shi4 jie4 Da4 zhan4] World War Two; 公墓 [gong1 mu4] public cemetery; 军人 [jun1 ren2] military personnel; soldier; 国家 [guo2 jia1] country; nation; state / CL:個|个[ge4]; 大战 [da4 zhan4] war; to wage war; 家公 [jia1 gong1] head of family; (polite) father / (polite) my grandfather; 退伍 [tui4 wu3] to be discharged from military service; 退伍军人 [tui4 wu3 jun1 ren2] veteran; 阿灵顿国家公墓 [A1 ling2 dun4 Guo2 jia1 Gong1 mu4] Arlington National Cemetery in Washington DC, USA
马斯喀特省位于阿曼东北部，濒临阿拉伯海和阿曼湾。	0:马斯喀特 5:位于 7:阿曼 9:东北 10:北部 13:濒临 15:阿拉/阿拉伯/阿拉伯海 20:阿曼/阿曼湾	东北 [Dong1 bei3] Northeast China; Manchuria | [dong1 bei3] northeast; 北部 [bei3 bu4] northern part; 阿拉 [A1 la1] Allah (Arabic name of God) | [a1 la1] (Wu dialect) I; me; my; we; us; our; 阿拉伯 [A1 la1 bo2] Arab; Arabian; Arabic; 阿拉伯海 [A1 la1 bo2 Hai3] Arabian Sea; 阿曼 [A1 man4] Oman; 阿曼湾 [A1 man4 Wan1] Gulf of Oman
怎么办怎么办怎么办我好像知道是谁	0:怎么/怎么办 3:怎么/怎么办 6:怎么/怎么办 10:好像 12:知道	怎么 [zen3 me5] how? / what? / why? / variant of 怎麼|怎么[zen3 me5]; 怎么办 [zen3 me5 ban4] what's to be done
小时候曾经很喜欢踢足球，但在某次失手肘击遥佳的胸口后，从此有阴影而不再踢足球。	0:小时/小时候 1:时候 3:曾经 6:喜欢 9:足球 16:失手 17:手肘 18:肘击 23:胸口 27:从此 29:有阴影 30:阴影 33:不再 36:足球	失手 [shi1 shou3] a slip; a mistake; accidentally / to lose control / to be defeated; 小时 [xiao3 shi2] hour / CL:個|个[ge4]; 小时候 [xiao3 shi2 hou5] in one's childhood; 手肘 [shou3 zhou3] elbow; 时候 [shi2 hou5] time; moment; period; 有阴影 [you3 yin1 ying3] shadowy; 肘击 [zhou3 ji1] to strike with the elbow; to elbow; 阴影 [yin1 ying3] (lit. and fig.) shadow / CL:道[dao4]
另外，通常不可能用自动变速器轻便摩托车或踏板车。	0:另外 3:通常 5:不可/不可能 6:可能 9:自动 11:变速/变速器 14:轻便 16:摩托/摩托车 20:踏板/踏板车 21:板车	不可 [bu4 ke3] cannot; should not; must not; 不可能 [bu4 ke3 neng2] impossible; cannot; 变速 [bian4 su4] to change speed; to shift gear; 变速器 [bian4 su4 qi4] gearbox; transmission; 可能 [ke3 neng2] possible; maybe; possibility / CL:個|个[ge4]; 摩托 [mo2 tuo1] (loanword) motor / (loanword) motorbike; motorcycle (abbr. for 摩托車|摩托车[mo2 t...; 摩托车 [mo2 tuo1 che1] (loanword) motorbike; motorcycle / CL:輛|辆[liang4],部[bu4]; 板车 [ban3 che1] handcart; flatbed cart; flatbed tricycle; 踏板 [ta4 ban3] pedal; treadle / footstool; footrest / footboard; 踏板车 [ta4 ban3 che1] scooter
因此，清不送气塞音和清送气塞音只是清塞音的条件变体，实际上只有一套清塞音。	0:因此 4:不送/不送气 5:送气 6:气塞 7:塞音 11:送气 12:气塞 13:塞音 15:只是 18:塞音 21:条件 23:变体 26:实际/实际上 29:只有 30:有一套 31:一套 34:塞音	一套 [yi1 tao4] a set; a suit; a collection / the same old stuff; set pattern; 不送 [bu4 song4] don't bother to see me out; 不送气 [bu4 song4 qi4] unaspirated; 只有 [zhi3 you3] only have ...; there is only ... / only if; can only; 塞音 [se4 yin1] (linguistics) plosive; stop; 实际 [shi2 ji4] reality; actual; practical; 实际上 [shi2 ji4 shang4] in fact; in reality; 有一套 [you3 yi1 tao4] to have a skill; to be savvy; to know how to do sth; 气塞 [qi4 sai1] airlock; air block / fipple (in the mouthpiece of wind instrument); 送气 [song4 qi4] aspiration (phonetics, explosion of breath on consonants ...
