word	pinyin	english	chinese	num_sentences_needed
病人	bing4 ren2	patient	正在就医或住院的病人	7
病人	bing4 ren2	invalid	长期体弱的病人	7
决	jue2	to decide	作出决定或下定主意	7
决	jue2	to determine	确定或断定事实	7
决	jue2	to execute (sb)	依法处死某人	7
决	jue2	(of a dam etc) to breach or burst	堤坝被冲破或破裂	7
决	jue2	definitely	绝对地或毫无例外地	7
决	jue2	certainly	确实地或无疑地	7
此后	ci3 hou4	after this	从此以后今后	4
此后	ci3 hou4	afterwards	随后接下来的时间	7
