word	pinyin	english	chinese	num_sentences_needed
招	zhao1	trick	计谋或花招骗术	7
招	zhao1	to confess	坦白供认或招供事实	7
招生	zhao1 sheng1	to enroll new students	招收新学生或新生入学	7
招生	zhao1 sheng1	to get students	吸引学生报名就读	7
画家	hua4 jia1	painter	从事绘画创作的艺术家	2
剩	sheng4	to remain	剩下未用的部分	7
剩	sheng4	to be left	被遗留或仍然存在	7
剩	sheng4	to have as remainder	作为余数或剩余数量	7
偶尔	ou3 er3	occasionally	不经常地	7
偶尔	ou3 er3	once in a while	间或发生	7
