id	decision
1	merge
2	merge
3	merge
4	merge
5	merge
6	merge
7	merge
8	merge
9	merge
10	merge
11	split
12	merge
13	merge
14	merge
15	merge
16	merge
17	merge
18	merge
19	merge
20	merge
21	merge
22	merge
23	split
24	merge
25	merge
26	merge
27	split
28	merge
29	merge
30	merge
31	merge
32	merge
33	merge
34	merge
35	split
36	merge
37	merge
38	merge
39	merge
40	merge
41	merge
42	merge
43	merge
44	merge
45	merge
46	merge
47	merge
48	merge
49	merge
50	merge
